325.49
362.26
372.28
379.68
377.99
378.29
380.23
389.4
387.2
386.88
385.92
388.51
416.08
412.56
407.36
407.41
414.81
408.27
415.05
417.93
418.48
412.5
422.84
435.64
435.23
441.7
450.16
443.08
445.25
448.06
447.29
454.13
459.24
463.9
462.89
465.95
472.99
471.58
463.81
447.23
450.9
454.83
451.4
464.24
466.96
463.81
461.01
455.19
465.25
481.92
493.15
507.91
523.81
539.35
557.37
559.11
578.77
582.92
595.53
614.57
614.42
649.54
647.07
647.17
661.23
668.5
644.07
662.68
674.88
701.46
735.67
743.25
766.22
798.39
792.16
763.93
833.09
876.29
925.29
927.24
937.02
951.16
938.92
962.37
963.36
1023.74
1076.83
1112.2
1108.42
1108.39
1156.58
1074.62
1020.64
1032.47
1144.43
1190.05
1248.77
1246.58
1281.66
1334.76
1332.07
1322.55
1380.99
1327.49
1318.17
1300.01
1391
1428.68
1425.59
1388.87
1442.21
1461.36
1418.48
1461.96
1473
1485.46
1468.05
1390.14
1378.04
1330.93
1335.63
1305.75
1185.85
1189.84
1270.37
1238.71
1204.45
1178.5
1044.64
1076.59
1129.68
1144.93
1140.21
1100.67
1153.79
1111.93
1079.25
1014.02
903.59
912.55
867.81
854.63
909.93
899.18
895.84
837.03
846.63
890.03
935.96
988
992.54
989.53
1019.44
1038.73
1049.9
1080.64
1132.52
1143.36
1123.98
1133.36
1102.78
1132.76
1105.85
1088.94
1117.66
1117.21
1168.94
1199.21
1181.41
1199.63
1194.9
1164.43
1178.28
1202.25
1222.24
1224.27
1225.92
1191.96
1237.37
1262.07
1278.73
1276.65
1293.74
1302.17
1290.01
1253.17
1260.24
1287.15
1317.74
1363.38
1388.64
1416.42
1424.16
1444.8
1406.95
1463.64
1511.14
1514.19
1520.71
1454.62
1497.12
1539.66
1463.39
1479.22
1378.76
1354.87
1316.94
1370.47
1403.22
1341.25
1257.33
1281.47
1216.95
968.8
883.04
877.56
865.58
805.23
757.13
848.15
902.41
926.12
935.82
1009.73
1044.55
1067.66
1088.07
1110.38
1123.58
1089.16
1152.05
1197.32
1125.06
1083.36
1079.8
1087.28
1122.08
1171.58
1198.89
1241.53
1282.62
1321.12
1304.49
1331.51
1338.31
1287.29
1325.19
1185.31
1173.88
1207.22
1226.42
1243.32
1300.58
1352.49
1389.24
1386.43
1341.27
1323.48
1359.78
1403.45
1443.42
1437.82
1394.51
1422.29
1480.4
1512.31
1550.83
1570.7
1639.84
1618.77
1668.68
1670.09
1687.17
1720.03
1783.54
1807.78
1822.36
1817.04
1863.52
1864.26
1889.77
1947.09
1973.1
1961.53
1993.23
1937.27
2044.57
2054.27
2028.18
2082.2
2079.99
2094.86
2111.94
2099.29
2094.14
2039.87
1944.41
2024.81
2080.62
2054.08
1918.6
1904.42
2021.95
2075.54
2065.55
2083.89
2148.9
2170.95
2157.69
2143.02
2164.99
2246.63
2275.12
2329.91
2366.82
2359.31
2395.35
2433.99
2454.1
2456.22
2492.84
2557
2593.61
2664.34
2789.8
2705.16
2702.77
2642.19
2642.96
2718.70
2704.95
2821.17
2896.96
2926.29
2717.58
2790.50
2476.96
2702.32
2798.22
2848.63
2952.33
2751.53
2971.41
